
<table style="text-align:center"><caption><strong>Matriz de correlaciones</strong></caption>
<tr><td colspan="13" style="border-bottom: 1px solid black"></td></tr><tr><td style="text-align:left">alt</td><td>inc.ch</td><td>ch.agua</td><td>ch.dren</td><td>ch.elec</td><td>ch.hom</td><td>im</td><td>pob</td><td>d_gob</td><td>d_dipl</td><td>d_dipf</td><td>d_sen</td><td>d_pres</td></tr>
<tr><td colspan="13" style="border-bottom: 1px solid black"></td></tr><tr><td style="text-align:left">1</td><td>-0.335</td><td>-0.013</td><td>-0.015</td><td>-0.005</td><td>0.026</td><td>-0.046</td><td>-0.019</td><td>0.045</td><td>0.069</td><td>0.053</td><td>-0.005</td><td>0.004</td></tr>
<tr><td style="text-align:left">-0.335</td><td>1</td><td>0.004</td><td>-0.004</td><td>0.024</td><td>0.009</td><td>-0.026</td><td>0.057</td><td>0.035</td><td>0.057</td><td>0.042</td><td>0.043</td><td>0.067</td></tr>
<tr><td style="text-align:left">-0.013</td><td>0.004</td><td>1</td><td>0.175</td><td>0.245</td><td>0.079</td><td>-0.010</td><td>0.014</td><td>0.057</td><td>0.099</td><td>0.008</td><td>0.097</td><td>0.096</td></tr>
<tr><td style="text-align:left">-0.015</td><td>-0.004</td><td>0.175</td><td>1</td><td>0.161</td><td>0.030</td><td>0.105</td><td>-0.016</td><td>0.032</td><td>0.033</td><td>-0.079</td><td>-0.013</td><td>-0.013</td></tr>
<tr><td style="text-align:left">-0.005</td><td>0.024</td><td>0.245</td><td>0.161</td><td>1</td><td>0.105</td><td>0.101</td><td>-0.055</td><td>0.092</td><td>-0.023</td><td>-0.068</td><td>0.078</td><td>0.086</td></tr>
<tr><td style="text-align:left">0.026</td><td>0.009</td><td>0.079</td><td>0.030</td><td>0.105</td><td>1</td><td>-0.033</td><td>0.013</td><td>0.056</td><td>0.029</td><td>0.020</td><td>0.044</td><td>0.045</td></tr>
<tr><td style="text-align:left">-0.046</td><td>-0.026</td><td>-0.010</td><td>0.105</td><td>0.101</td><td>-0.033</td><td>1</td><td>-0.333</td><td>-0.124</td><td>-0.254</td><td>-0.284</td><td>-0.190</td><td>-0.173</td></tr>
<tr><td style="text-align:left">-0.019</td><td>0.057</td><td>0.014</td><td>-0.016</td><td>-0.055</td><td>0.013</td><td>-0.333</td><td>1</td><td>0.030</td><td>0.124</td><td>0.146</td><td>0.092</td><td>0.091</td></tr>
<tr><td style="text-align:left">0.045</td><td>0.035</td><td>0.057</td><td>0.032</td><td>0.092</td><td>0.056</td><td>-0.124</td><td>0.030</td><td>1</td><td>0.390</td><td>0.137</td><td>0.104</td><td>0.058</td></tr>
<tr><td style="text-align:left">0.069</td><td>0.057</td><td>0.099</td><td>0.033</td><td>-0.023</td><td>0.029</td><td>-0.254</td><td>0.124</td><td>0.390</td><td>1</td><td>0.308</td><td>0.214</td><td>0.199</td></tr>
<tr><td style="text-align:left">0.053</td><td>0.042</td><td>0.008</td><td>-0.079</td><td>-0.068</td><td>0.020</td><td>-0.284</td><td>0.146</td><td>0.137</td><td>0.308</td><td>1</td><td>0.696</td><td>0.647</td></tr>
<tr><td style="text-align:left">-0.005</td><td>0.043</td><td>0.097</td><td>-0.013</td><td>0.078</td><td>0.044</td><td>-0.190</td><td>0.092</td><td>0.104</td><td>0.214</td><td>0.696</td><td>1</td><td>0.929</td></tr>
<tr><td style="text-align:left">0.004</td><td>0.067</td><td>0.096</td><td>-0.013</td><td>0.086</td><td>0.045</td><td>-0.173</td><td>0.091</td><td>0.058</td><td>0.199</td><td>0.647</td><td>0.929</td><td>1</td></tr>
<tr><td colspan="13" style="border-bottom: 1px solid black"></td></tr></table>
