
<table style="text-align:center"><caption><strong>Matriz de correlaciones</strong></caption>
<tr><td colspan="13" style="border-bottom: 1px solid black"></td></tr><tr><td style="text-align:left">alt</td><td>inc.ch</td><td>ch.agua</td><td>ch.dren</td><td>ch.elec</td><td>ch.hom</td><td>im</td><td>pob</td><td>d_gob</td><td>d_dipl</td><td>d_dipf</td><td>d_sen</td><td>d_pres</td></tr>
<tr><td colspan="13" style="border-bottom: 1px solid black"></td></tr><tr><td style="text-align:left">1</td><td>-0.335</td><td>-0.008</td><td>-0.017</td><td>0.004</td><td>0.020</td><td>-0.046</td><td>-0.019</td><td>0.045</td><td>0.069</td><td>0.053</td><td>-0.005</td><td>0.004</td></tr>
<tr><td style="text-align:left">-0.335</td><td>1</td><td>0.011</td><td>0.002</td><td>0.002</td><td>-0.005</td><td>-0.026</td><td>0.057</td><td>0.035</td><td>0.057</td><td>0.042</td><td>0.043</td><td>0.067</td></tr>
<tr><td style="text-align:left">-0.008</td><td>0.011</td><td>1</td><td>0.001</td><td>-0.0005</td><td>0.002</td><td>0.018</td><td>-0.003</td><td>0.012</td><td>0.005</td><td>0.001</td><td>0.009</td><td>0.010</td></tr>
<tr><td style="text-align:left">-0.017</td><td>0.002</td><td>0.001</td><td>1</td><td>0.010</td><td>0.004</td><td>0.011</td><td>0.027</td><td>-0.034</td><td>-0.079</td><td>-0.034</td><td>-0.007</td><td>-0.004</td></tr>
<tr><td style="text-align:left">0.004</td><td>0.002</td><td>-0.0005</td><td>0.010</td><td>1</td><td>-0.006</td><td>0.011</td><td>-0.006</td><td>-0.004</td><td>0.003</td><td>0.001</td><td>-0.007</td><td>-0.007</td></tr>
<tr><td style="text-align:left">0.020</td><td>-0.005</td><td>0.002</td><td>0.004</td><td>-0.006</td><td>1</td><td>-0.019</td><td>0.003</td><td>0.055</td><td>0.023</td><td>0.006</td><td>-0.006</td><td>-0.007</td></tr>
<tr><td style="text-align:left">-0.046</td><td>-0.026</td><td>0.018</td><td>0.011</td><td>0.011</td><td>-0.019</td><td>1</td><td>-0.333</td><td>-0.124</td><td>-0.254</td><td>-0.284</td><td>-0.190</td><td>-0.173</td></tr>
<tr><td style="text-align:left">-0.019</td><td>0.057</td><td>-0.003</td><td>0.027</td><td>-0.006</td><td>0.003</td><td>-0.333</td><td>1</td><td>0.030</td><td>0.124</td><td>0.146</td><td>0.092</td><td>0.091</td></tr>
<tr><td style="text-align:left">0.045</td><td>0.035</td><td>0.012</td><td>-0.034</td><td>-0.004</td><td>0.055</td><td>-0.124</td><td>0.030</td><td>1</td><td>0.390</td><td>0.137</td><td>0.104</td><td>0.058</td></tr>
<tr><td style="text-align:left">0.069</td><td>0.057</td><td>0.005</td><td>-0.079</td><td>0.003</td><td>0.023</td><td>-0.254</td><td>0.124</td><td>0.390</td><td>1</td><td>0.308</td><td>0.214</td><td>0.199</td></tr>
<tr><td style="text-align:left">0.053</td><td>0.042</td><td>0.001</td><td>-0.034</td><td>0.001</td><td>0.006</td><td>-0.284</td><td>0.146</td><td>0.137</td><td>0.308</td><td>1</td><td>0.696</td><td>0.647</td></tr>
<tr><td style="text-align:left">-0.005</td><td>0.043</td><td>0.009</td><td>-0.007</td><td>-0.007</td><td>-0.006</td><td>-0.190</td><td>0.092</td><td>0.104</td><td>0.214</td><td>0.696</td><td>1</td><td>0.929</td></tr>
<tr><td style="text-align:left">0.004</td><td>0.067</td><td>0.010</td><td>-0.004</td><td>-0.007</td><td>-0.007</td><td>-0.173</td><td>0.091</td><td>0.058</td><td>0.199</td><td>0.647</td><td>0.929</td><td>1</td></tr>
<tr><td colspan="13" style="border-bottom: 1px solid black"></td></tr></table>
